
GJbet =

    0.9600


GJdel =

    1.0540


GJq =

     5


ans =

    1.0470    1.1470


ans =

   -0.6000    0.6000


GJbet =

    0.9600


GJdel =

    1.0540


GJq =

     5


ans =

    1.0470    1.1470


ans =

   -0.6000    0.6000


GJbet =

    0.9600


GJdel =

    1.0540


GJq =

     5


ans =

    1.0470    1.1470


ans =

   -0.6000    0.6000


GJbet =

    0.9600


GJdel =

    1.0540


GJq =

     5


ans =

    1.0470    1.1470


ans =

   -0.6000    0.6000


GJbet =

    0.9600


GJdel =

    1.0540


GJq =

     5


ans =

    1.0470    1.1470


ans =

   -0.6000    0.6000


optsav =

    0.9437


Faio =

    0.2513


optsav0 =

    0.9546


bigiter =

     1


dif =

     1


bigiter =

     2


dif =

    7.6268


bigiter =

     3


dif =

    0.5884


bigiter =

     4


dif =

    0.1174


bigiter =

     5


dif =

    0.0275


bigiter =

     6


dif =

    0.9212


bigiter =

     7


dif =

    0.3622


bigiter =

     8


dif =

    0.2067


bigiter =

     9


dif =

    0.2056


bigiter =

    10


dif =

    0.1625


bigiter =

    11


dif =

    0.1256


bigiter =

    12


dif =

    0.1326


bigiter =

    13


dif =

    0.1113


bigiter =

    14


dif =

    0.0973


bigiter =

    15


dif =

    0.0912


bigiter =

    16


dif =

    0.0794


bigiter =

    17


dif =

    0.0712


bigiter =

    18


dif =

    0.0689


bigiter =

    19


dif =

    0.0623


bigiter =

    20


dif =

    0.0564


bigiter =

    21


dif =

    0.0544


bigiter =

    22


dif =

    0.0493


bigiter =

    23


dif =

    0.0454


bigiter =

    24


dif =

    0.0420


bigiter =

    25


dif =

    0.0390


bigiter =

    26


dif =

    0.0362


bigiter =

    27


dif =

    0.0338


bigiter =

    28


dif =

    0.0314


bigiter =

    29


dif =

    0.0293


bigiter =

    30


dif =

    0.0278


bigiter =

    31


dif =

    0.0257


bigiter =

    32


dif =

    0.0241


bigiter =

    33


dif =

    0.0226


bigiter =

    34


dif =

    0.0211


bigiter =

    35


dif =

    0.0198


bigiter =

    36


dif =

    0.0186


bigiter =

    37


dif =

    0.0175


bigiter =

    38


dif =

    0.0164


bigiter =

    39


dif =

    0.0155


bigiter =

    40


dif =

    0.0146


bigiter =

    41


dif =

    0.0137


bigiter =

    42


dif =

    0.0129


bigiter =

    43


dif =

    0.0122


bigiter =

    44


dif =

    0.0115


bigiter =

    45


dif =

    0.0109


bigiter =

    46


dif =

    0.0103

